0 1
0 49
0 2
0 48
1 3
1 49
1 35
1 31
2 4
2 44
2 37
3 4
3 5
3 29
4 5
4 46
4 14
5 6
5 7
5 46
6 7
6 26
6 27
7 8
7 9
7 13
8 18
8 15
8 16
8 41
8 43
9 10
9 17
9 40
10 11
10 12
10 20
11 12
11 13
11 26
11 32
11 48
12 14
12 29
13 14
14 17
15 19
15 34
16 17
16 18
17 19
18 19
18 20
19 21
19 35
20 22
21 22
21 23
22 23
22 24
23 26
23 35
24 25
24 26
24 34
25 26
25 27
26 37
27 28
28 29
28 30
29 30
29 38
30 32
30 47
30 35
31 32
32 34
32 47
33 34
33 35
34 36
35 45
36 37
36 38
37 39
38 39
39 40
39 41
40 41
40 42
41 42
42 43
42 44
43 44
44 45
44 46
45 47
46 48
47 49
